<?xml version="1.0"?>
<opencv_storage>
<H_MAT_DATA type_id="opencv-matrix">
  <rows>3</rows>
  <cols>3</cols>
  <dt>d</dt>
  <data>
    1.1061983735588254e+00 -5.9675275501851273e-05
    2.7132899821636602e+02 7.5322183291342520e-02 1.0374198192143593e+00
    -8.8662334966279921e-01 1.5476826725223557e-04
    -8.3441910454185665e-06 9.9999999999999989e-01</data></H_MAT_DATA>
</opencv_storage>
