<?xml version="1.0"?>
<opencv_storage>
<H_MAT_DATA type_id="opencv-matrix">
  <rows>3</rows>
  <cols>3</cols>
  <dt>d</dt>
  <data>
    1.0984933695598749e+00 -1.7915668700552209e-02
    2.7423194501479117e+02 7.1821555394179087e-02 1.0172476064166101e+00
    1.4889603200832817e+00 1.5684479820605310e-04
    -4.4418075510224999e-05 1.</data></H_MAT_DATA>
</opencv_storage>
