<?xml version="1.0"?>
<opencv_storage>
<H_MAT_DATA type_id="opencv-matrix">
  <rows>3</rows>
  <cols>3</cols>
  <dt>d</dt>
  <data>
    1.0773299901715743e+00 2.8636242440129675e-02 2.8152393961826289e+02
    5.4155368736206459e-02 1.0699573061232894e+00
    -2.4801868025036701e+01 9.8329968226463740e-05
    1.0545921037738691e-04 1.</data></H_MAT_DATA>
</opencv_storage>
