<?xml version="1.0"?>
<opencv_storage>
<H_MAT_DATA type_id="opencv-matrix">
  <rows>3</rows>
  <cols>3</cols>
  <dt>d</dt>
  <data>
    1.0057590745872227e+00 -4.2741794956888339e-02
    2.8904708112327694e+02 4.3203666201759236e-02 9.5984609841451862e-01
    -6.6710995104586832e+00 6.4476688548395394e-05
    -6.4795799242685359e-05 1.</data></H_MAT_DATA>
</opencv_storage>
