<?xml version="1.0"?>
<opencv_storage>
<H_MAT_DATA type_id="opencv-matrix">
  <rows>3</rows>
  <cols>3</cols>
  <dt>d</dt>
  <data>
    1.1460484814274909e+00 2.5623014178550303e-02 2.1277858045101584e+02
    5.6954437703584521e-02 1.0731695195258775e+00 7.9033192926315046e+00
    1.5492005938635986e-04 9.9732234709934437e-06 1.</data></H_MAT_DATA>
</opencv_storage>
