<?xml version="1.0"?>
<opencv_storage>
<H_MAT_DATA type_id="opencv-matrix">
  <rows>3</rows>
  <cols>3</cols>
  <dt>d</dt>
  <data>
    9.9965516609938576e-01 2.3877029161832486e-04 3.8077748928228176e-02
    -5.1821942698972070e-04 1.0014068543303110e+00
    -4.5406121116066983e-01 -2.0208928898782854e-06
    2.1106209369423181e-06 1.</data></H_MAT_DATA>
</opencv_storage>
