<?xml version="1.0"?>
<opencv_storage>
<H_MAT_DATA type_id="opencv-matrix">
  <rows>3</rows>
  <cols>3</cols>
  <dt>d</dt>
  <data>
    9.8905895440923131e-01 -5.5973055421945521e-02
    3.4570827917753712e+02 6.2511700119605353e-03 9.7310954936122274e-01
    1.1164056323650702e+02 2.6377585888230118e-07
    -4.8234401121962095e-05 1.</data></H_MAT_DATA>
</opencv_storage>
