<?xml version="1.0"?>
<opencv_storage>
<H_MAT_DATA type_id="opencv-matrix">
  <rows>3</rows>
  <cols>3</cols>
  <dt>d</dt>
  <data>
    1.0819555286325191e+00 2.9728938831098301e-02 2.2736132654424733e+02
    4.8960886454248141e-02 1.0166918062840626e+00
    -2.8786333299278070e+01 9.9523395034055329e-05
    2.5382553958832377e-05 1.</data></H_MAT_DATA>
</opencv_storage>
