<?xml version="1.0"?>
<opencv_storage>
<H_MAT_DATA type_id="opencv-matrix">
  <rows>3</rows>
  <cols>3</cols>
  <dt>d</dt>
  <data>
    1.0847805490864353e+00 3.1656793994657879e-02 2.2639643694744063e+02
    4.6995501750068253e-02 1.0205171395498829e+00
    -2.9587379429685662e+01 1.0451388815966675e-04
    2.4089471302037998e-05 1.</data></H_MAT_DATA>
</opencv_storage>
