<?xml version="1.0"?>
<opencv_storage>
<H_MAT_DATA type_id="opencv-matrix">
  <rows>3</rows>
  <cols>3</cols>
  <dt>d</dt>
  <data>
    9.8276734552350897e-01 -6.5708166257259601e-02
    2.3936355387393368e+02 1.2065474712373675e-02 9.3670577206847150e-01
    3.1822686362731893e+01 1.4800286887154277e-05
    -1.5540302536920227e-04 1.</data></H_MAT_DATA>
</opencv_storage>
