<?xml version="1.0"?>
<opencv_storage>
<H_MAT_DATA type_id="opencv-matrix">
  <rows>3</rows>
  <cols>3</cols>
  <dt>d</dt>
  <data>
    1.1925597837855204e+00 -6.3289275146248769e-02
    -2.6765756746570137e+01 4.3369149840121281e-02
    1.0649792180894300e+00 1.5183897725449623e+02 1.6757842585375134e-04
    -5.0023578996943596e-05 1.</data></H_MAT_DATA>
</opencv_storage>
