<?xml version="1.0"?>
<opencv_storage>
<H_MAT_DATA type_id="opencv-matrix">
  <rows>3</rows>
  <cols>3</cols>
  <dt>d</dt>
  <data>
    9.5620802798905435e-01 2.5264157339103588e-02 2.8019260390568256e+01
    -6.0269794272604496e-02 9.7005590240664097e-01 2.0011431910086546e+02 
	-3.7158168363021813e-05 2.5743523330120752e-05 1.</data></H_MAT_DATA>
</opencv_storage>
