<?xml version="1.0"?>
<opencv_storage>
<H_MAT_DATA type_id="opencv-matrix">
  <rows>3</rows>
  <cols>3</cols>
  <dt>d</dt>
  <data>
    1.1139756118995376e+00 6.4192212260449355e-02 6.3163306534346316e+02
    -9.5192540055611665e-04 1.0768307019816432e+00
    -1.4212614540085210e+02 2.4484760252169732e-05
    6.3488145137075494e-05 1.</data></H_MAT_DATA>
</opencv_storage>
