<?xml version="1.0"?>
<opencv_storage>
<H_MAT_DATA type_id="opencv-matrix">
  <rows>3</rows>
  <cols>3</cols>
  <dt>d</dt>
  <data>
    9.8814206358390833e-01 1.9609128586387550e-02 2.5052102397045935e+01
    -7.7779919507788599e-03 9.7382078265632621e-01
    6.0780226978929352e+02 -3.8514654755220210e-06
    -1.2870044149379789e-05 1.</data></H_MAT_DATA>
</opencv_storage>
