<?xml version="1.0"?>
<opencv_storage>
<H_MAT_DATA type_id="opencv-matrix">
  <rows>3</rows>
  <cols>3</cols>
  <dt>d</dt>
  <data>
    -7.3748900263271577e-01 -1.5480359600004032e-02
    4.1996924505560315e+02 -5.7442280862175343e-01
    -5.6535688330169850e-02 3.4591704256129719e+02
    -1.7028179751686059e-03 -1.0436283953259483e-04 1.</data></H_MAT_DATA>
</opencv_storage>
