<?xml version="1.0"?>
<opencv_storage>
<H_MAT_DATA type_id="opencv-matrix">
  <rows>3</rows>
  <cols>3</cols>
  <dt>d</dt>
  <data>
    9.8623173792750707e-01 -1.5678029923823902e-01
    5.0723723557101152e+02 3.1387647568707648e-02 9.3039738326806509e-01
    -1.8012827496489518e+01 4.5459420715737543e-05
    -1.4624297633521901e-04 9.9999999999999989e-01</data></H_MAT_DATA>
</opencv_storage>
