<?xml version="1.0"?>
<opencv_storage>
<H_MAT_DATA type_id="opencv-matrix">
  <rows>3</rows>
  <cols>3</cols>
  <dt>d</dt>
  <data>
    7.7690275015282495e+01 2.8988299743512034e+01
    -1.7397474966673228e+04 2.3274502106528594e+01
    3.3514466659015667e+01 -9.7297111188009330e+03
    4.5764015479608872e-02 2.7139995918494173e-02 1.</data></H_MAT_DATA>
</opencv_storage>
