<?xml version="1.0"?>
<opencv_storage>
<H_MAT_DATA type_id="opencv-matrix">
  <rows>3</rows>
  <cols>3</cols>
  <dt>d</dt>
  <data>
    7.8960586362313223e-01 -4.4143009830768543e-01
    3.3621369918564591e+02 -3.6044844030855741e-02
    4.9219155132434023e-01 7.4352236940820431e+00
    -3.3627466554480640e-04 -6.3950498567337283e-04
    9.9999999999999989e-01</data></H_MAT_DATA>
</opencv_storage>
