<?xml version="1.0"?>
<opencv_storage>
<H_MAT_DATA type_id="opencv-matrix">
  <rows>3</rows>
  <cols>3</cols>
  <dt>d</dt>
  <data>
    -7.9244448460990291e-01 -6.8089227447497203e-01
    6.5913966998144474e+02 -8.1167573909652901e-01
    -7.4371655160393269e-01 6.9009892225262388e+02
    -1.1879518650207760e-03 -1.0559090989453721e-03
    9.9999999999999989e-01</data></H_MAT_DATA>
</opencv_storage>
