<?xml version="1.0"?>
<opencv_storage>
<H_MAT_DATA type_id="opencv-matrix">
  <rows>3</rows>
  <cols>3</cols>
  <dt>d</dt>
  <data>
    1.0063418837310516e+00 -8.9511956588402483e-02
    3.5163762608734999e+02 6.0461928941285978e-02 1.0003283350432004e+00
    1.4471858257843866e+00 1.0533167747800543e-05
    -6.8096218175381165e-06 1.</data></H_MAT_DATA>
</opencv_storage>
