<?xml version="1.0"?>
<opencv_storage>
<H_MAT_DATA type_id="opencv-matrix">
  <rows>3</rows>
  <cols>3</cols>
  <dt>d</dt>
  <data>
    2.6214607511642654e+00 -7.4476612651410257e+00
    1.1099625448407571e+03 3.1337694134530958e-01
    -9.1425362065006455e-01 1.4117069121220948e+02
    2.3296696401314304e-03 -6.6564334413539159e-03 1.</data></H_MAT_DATA>
</opencv_storage>
