<?xml version="1.0"?>
<opencv_storage>
<H_MAT_DATA type_id="opencv-matrix">
  <rows>3</rows>
  <cols>3</cols>
  <dt>d</dt>
  <data>
    1.0547034321406474e+00 5.3711803756149301e-01 4.4405829189638320e+02
    -8.6158052615744038e-02 1.1865111705509999e+00
    -4.5908911952225232e+01 -7.2467485156184103e-05
    4.2443743163376953e-04 1.</data></H_MAT_DATA>
</opencv_storage>
