<?xml version="1.0"?>
<opencv_storage>
<H_MAT_DATA type_id="opencv-matrix">
  <rows>3</rows>
  <cols>3</cols>
  <dt>d</dt>
  <data>
    4.7366927499682032e-01 3.7041014868984902e-02 2.1757058470143411e+02
    -3.1032268246390510e-01 8.6561395714405931e-01
    6.6814451828340879e+01 -5.0375480603688787e-04
    2.2961925068946560e-05 1.</data></H_MAT_DATA>
</opencv_storage>
