<?xml version="1.0"?>
<opencv_storage>
<H_MAT_DATA type_id="opencv-matrix">
  <rows>3</rows>
  <cols>3</cols>
  <dt>d</dt>
  <data>
    -3.2523821830487587e-01 -5.3738232470645131e-01
    4.4781210116637430e+02 -3.1242500464144030e-01
    -5.1370927199065441e-01 4.3338992701755689e+02
    -7.2291475346354141e-04 -1.1893159637449196e-03 1.</data></H_MAT_DATA>
</opencv_storage>
