<?xml version="1.0"?>
<opencv_storage>
<H_MAT_DATA type_id="opencv-matrix">
  <rows>3</rows>
  <cols>3</cols>
  <dt>d</dt>
  <data>
    9.5795385407885170e-01 9.5068880683964449e-02 3.7914651534163011e+02
    -1.0359603974700312e-02 9.7141302345524738e-01
    7.8280160197328470e+01 -1.1055907587509917e-05
    -4.4394076433033793e-05 1.</data></H_MAT_DATA>
</opencv_storage>
