<?xml version="1.0"?>
<opencv_storage>
<H_MAT_DATA type_id="opencv-matrix">
  <rows>3</rows>
  <cols>3</cols>
  <dt>d</dt>
  <data>
    1.0473834508277604e+00 1.2935611281553292e-03 6.3820801221234035e+02
    3.6942626846179459e-03 1.0219769349565049e+00
    -9.4372697199382088e+01 8.1544868430336334e-06
    8.5468442140628775e-06 1.</data></H_MAT_DATA>
</opencv_storage>
