<?xml version="1.0"?>
<opencv_storage>
<H_MAT_DATA type_id="opencv-matrix">
  <rows>3</rows>
  <cols>3</cols>
  <dt>d</dt>
  <data>
    1.0325432759826194e+00 -3.6898996536178216e-02
    6.8393328596304775e+02 1.2462300385603598e-02 9.9973574641035978e-01
    3.3521533073675620e+01 -3.3570358235956270e-06
    -1.8820877993990709e-05 1.</data></H_MAT_DATA>
</opencv_storage>
