<?xml version="1.0"?>
<opencv_storage>
<H_MAT_DATA type_id="opencv-matrix">
  <rows>3</rows>
  <cols>3</cols>
  <dt>d</dt>
  <data>
    1.0258114578299051e+00 2.4260956242765752e-02 5.9492704094481121e+02
    9.9295565751558960e-03 1.0136578202077999e+00
    -1.3923457204264199e+01 1.3370220373259375e-06
    1.3504678220201317e-05 1.</data></H_MAT_DATA>
</opencv_storage>
