<?xml version="1.0"?>
<opencv_storage>
<H_MAT_DATA type_id="opencv-matrix">
  <rows>3</rows>
  <cols>3</cols>
  <dt>d</dt>
  <data>
    9.6817356840560820e-01 1.3786512613629917e-02 4.0326866902264442e+01
    -7.1345320746124041e-02 9.3265174326912237e-01
    3.3924683469370473e+02 -1.0889461573574350e-05
    -7.1063862147598125e-05 1.</data></H_MAT_DATA>
</opencv_storage>
